0 0.00000090	
1000 0.00000070	
2000 0.00000070	
3000 0.00000020	
4000 0.00000420	
5000 0.00000010	
6000 0.00001060	
7000 0.00000020	
8000 0.00000010	
9000 0.00000020	
10000 0.00000080	
11000 0.00000010	
12000 0.00000020	
13000 0.00000010	
14000 0.00000010	
15000 0.00000010	
16000 0.00000020	
17000 0.00000010	
18000 0.00000010	
19000 0.00000010	
20000 0.00000010	
21000 0.00000020	
22000 0.00000010	
23000 0.00000010	
24000 0.00000020	
25000 0.00000010	
26000 0.00000010	
27000 0.00000070	
28000 0.00000010	
29000 0.00000010	
30000 0.00000020	
31000 0.00000020	
32000 0.00000010	
33000 0.00000010	
34000 0.00000010	
35000 0.00000020	
36000 0.00000020	
37000 0.00000010	
38000 0.00000010	
39000 0.00000020	
40000 0.00000120	
41000 0.00000030	
42000 0.00000020	
43000 0.00000020	
44000 0.00000020	
45000 0.00000020	
46000 0.00000020	
47000 0.00000010	
48000 0.00000020	
49000 0.00000020	
